------------------- Consulta 1 -------------------
4079
------------------- Consulta 2 -------------------
1
4
5
2
1
1
1
5
57
3
2
1
14
6
4
1
9
4
3
24
10
1
1
3
16
2
2
8
250
1
1
1
2
1
49
2
5
29
363
5
7
18
2
1
38
1
1
1
14
1
1
2
10
93
1
1
5
6
18
15
37
1
1
59
2
7
7
1
1
40
1
2
1
81
5
5
1
1
2
2
1
1
8
1
1
4
1
2
1
2
3
4
4
9
85
341
2
67
15
1
14
58
3
5
248
21
8
2
3
2
1
70
3
2
2
1
4
1
2
7
1
5
1
3
1
22
2
4
5
1
173
1
1
1
2
16
1
1
12
2
1
1
3
2
18
1
1
1
3
1
64
4
1
28
5
5
2
9
5
59
2
1
22
136
1
1
44
9
13
5
5
6
2
1
1
29
189
1
24
12
9
1
1
1
1
1
7
2
3
1
1
1
3
2
15
1
1
11
1
2
1
12
2
1
4
1
1
2
8
62
1
42
10
1
57
1
274
17
1
1
41
1
1
22
1
1
1
6
8
44
7
6
------------------- Consulta 3 -------------------
29034
237500
2022000
961
270000
21189
2345
669181
99578
211700
5200
24000
978100
91141
93900
300000
90935
536827
824000
99669
94686
148000
172000
96027
97000
7105
1800
935361
9968485
6070
21484
22000
213017
524000
95411
503
336800
94854
99265
329850
177000
851381
950000
11900
90688
36000
94800
339131
98505
700
19600
195000
99155
99891
383000
16243
90327
89423
96794
270353
97700
431000
169000
98212
403981
97314
96921
77366
1636
96984
14542
8600
419000
97451
240900
385192
27025
1090610
62947
42326
241000
40000
772072
4621
13445
90801
50699
9500
254000
1987996
89200
706770
884472
203648
99693
98818
481854
98500
879000
109184
92300
98384
99799
89104
99738
98000
94947
589400
570155
5055
11600
9981619
28859
96652
240000
850000
89338
2301
5346
645000
297000
577969
80700
89439
437500
96200
13154
719900
99005
71000
99907
28000
444299
809552
7073
96800
773700
9200
99442
97600
2000
94050
98464
478155
382853
12000
169000
76293
420000
800
730000
97387
682
95268
508726
90639
559
98100
90814
988005
471373
42
90642
99862
12000
247000
97929
98434
709730
96100
99681
92020
25888
355000
131480
98980
993400
286000
98900
947483
99400
4017733
1500
1438
50100
850000
98400
4802
997000
5808
49541
112000
93977
270986
98948
61000
41000
91081
4800
99500
375000
94900
524000
300
540600
47900
22400
56601
690600
99900
4600
98900
96800
890800
99000
1236000
99936
370500
455
17100
99354
8000
13000
97044
33700
1137
35900
503600
92303
97008
329200
621742
------------------- Consulta 4 -------------------
50.3111111111111
48.27
65.3857142857143
44.82
52.7411764705882
0.0
75.25
70.5666666666667
64.4
61.35
69.0
77.25
69.93
67.1428571428571
71.4266666666667
78.2555555555555
73.0583333333333
71.025
75.82
31.52
67.14
68.0857142857143
0.0
42.44
65.8785714285714
------------------- Consulta 5 -------------------
784475000
0
3705025700
730074600
482993000
30401150
345780000
------------------- Consulta 6 -------------------
1246700.00
1104300.00
1001449.00
1221037.00
1025520.00
13120000.00
1075.00
10400.00
14874.00
143100.00
45227.00
242900.00
110994.00
103000.00
0.40
1.50
102.00
108889.00
2166090.00
135.00
12189.00
181.00
16.00
12.00
1098581.00
------------------- Consulta 7 -------------------
58
5
51
46
37
28
14
------------------- Consulta 8 -------------------
Africa
Asia
------------------- Consulta 9 -------------------
1
1
1
2
1
1
2
1
1
1
2
1
3
1
1
1
1
22
11
1
1
1
2
1
4
2
1
1
1
1
4
1
1
1
1
1
4
1
1
1
1
1
1
1
1
1
1
1
1
6
1
1
1
3
2
1
1
1
1
1
1
1
1
2
1
1
1
1
1
1
3
1
2
1
1
1
1
1
1
1
1
1
1
2
1
1
1
2
17
1
2
1
1
1
1
1
1
1
1
1
14
9
3
1
1
1
1
1
3
1
1
1
1
1
2
1
1
1
1
4
1
1
1
1
1
44
16
1
1
1
1
1
3
1
1
1
2
1
18
7
1
1
1
12
1
1
1
1
1
1
1
2
1
1
1
6
13
1
1
1
1
1
1
1
2
3
1
1
1
1
1
1
1
3
1
1
1
1
1
2
1
2
1
1
1
1
1
1
1
7
1
1
1
7
1
1
1
1
1
1
3
1
4
11
1
3
1
3
1
1
1
1
1
1
2
1
1
1
1
1
5
1
2
1
1
1
2
1
1
1
1
1
2
1
1
3
1
2
4
1
1
2
2
1
4
1
1
1
1
1
1
1
1
1
1
1
2
2
1
1
1
1
1
1
1
1
1
1
1
1
1
3
1
1
1
1
1
1
1
1
2
1
4
2
1
3
6
1
1
1
1
1
1
1
1
1
1
1
1
1
2
1
1
1
1
1
1
1
1
1
2
1
1
1
1
1
2
1
1
2
1
1
1
1
1
1
1
1
1
1
1
1
2
1
1
1
1
1
1
3
1
1
1
1
1
1
1
1
1
2
2
1
1
1
1
1
1
1
3
1
1
1
1
1
1
1
1
1
1
1
1
1
1
1
2
1
1
1
1
4
1
1
1
1
9
2
6
6
3
1
1
1
1
1
1
1
7
2
3
1
1
1
3
14
1
2
2
1
2
1
2
1
1
2
1
1
1
1
3
6
1
1
1
1
3
1
1
1
1
1
1
3
1
3
1
1
2
1
1
1
4
1
1
2
1
20
8
1
1
2
1
1
1
1
1
2
2
1
2
1
1
1
2
2
4
1
4
2
1
1
1
1
2
1
1
1
1
1
1
1
1
1
1
1
1
1
1
2
1
2
1
1
1
2
10
1
2
1
2
1
1
1
1
11
1
1
2
1
5
1
1
3
1
1
1
1
1
1
1
2
1
2
1
1
1
1
2
1
1
1
1
2
1
